# Created by Octave 5.2.0, Wed Mar 01 17:13:05 2023 MST <bruce@BD-Main>
# name: a
# type: int16 matrix
# ndims: 2
 22 32
 4
 0
 0
 1
 0
 0
 1
 0
 0
 0
 5
 1
 0
 0
 7
 1
 0
 0
 0
 0
 0
 0
 0
 2
 2
 1
 4
 0
 0
 3
 0
 8
 0
 0
 2
 0
 0
 0
 0
 0
 0
 0
 0
 0
 3
 4
 0
 0
 0
 1
 4
 0
 255
 246
 255
 0
 3
 1
 0
 1
 0
 0
 0
 0
 0
 0
 1
 0
 1
 0
 12
 0
 0
 252
 251
 251
 248
 253
 0
 0
 2
 1
 0
 0
 0
 0
 0
 0
 2
 0
 5
 0
 0
 1
 0
 255
 255
 250
 255
 252
 0
 1
 1
 0
 0
 0
 0
 0
 0
 0
 0
 4
 0
 0
 2
 6
 0
 252
 252
 250
 249
 252
 251
 3
 0
 0
 0
 0
 0
 0
 0
 0
 7
 0
 6
 0
 1
 0
 0
 252
 253
 251
 255
 249
 253
 0
 6
 4
 0
 0
 0
 0
 0
 0
 0
 7
 0
 0
 1
 2
 2
 0
 254
 248
 251
 252
 253
 4
 0
 0
 0
 0
 0
 0
 0
 0
 0
 0
 0
 0
 0
 0
 0
 0
 253
 251
 255
 249
 253
 255
 0
 2
 0
 0
 0
 0
 0
 0
 0
 0
 0
 0
 0
 0
 0
 0
 251
 250
 252
 248
 255
 249
 0
 3
 0
 0
 0
 0
 0
 0
 0
 0
 0
 0
 0
 0
 0
 0
 1
 252
 254
 254
 245
 255
 4
 0
 0
 0
 0
 0
 0
 0
 0
 0
 0
 0
 0
 0
 0
 0
 7
 242
 255
 248
 255
 247
 255
 0
 0
 0
 0
 0
 0
 0
 0
 0
 0
 0
 0
 0
 0
 0
 0
 255
 255
 246
 255
 248
 246
 3
 0
 0
 0
 0
 0
 0
 0
 0
 0
 0
 0
 0
 0
 0
 3
 0
 253
 254
 242
 255
 253
 0
 0
 0
 0
 0
 0
 0
 0
 0
 0
 0
 0
 0
 0
 0
 4
 6
 249
 253
 252
 248
 254
 0
 0
 0
 0
 0
 0
 0
 0
 0
 0
 0
 0
 0
 0
 0
 0
 0
 250
 254
 254
 252
 251
 254
 0
 0
 0
 0
 0
 0
 0
 0
 0
 0
 0
 0
 0
 0
 2
 3
 255
 245
 253
 254
 254
 249
 0
 0
 2
 5
 0
 7
 0
 0
 0
 0
 0
 0
 0
 0
 0
 0
 0
 255
 250
 251
 247
 255
 2
 1
 0
 9
 2
 0
 0
 0
 0
 0
 0
 0
 0
 0
 0
 8
 0
 255
 252
 254
 252
 251
 247
 1
 6
 0
 0
 1
 0
 0
 0
 0
 0
 0
 0
 0
 0
 3
 0
 255
 246
 254
 248
 255
 252
 1
 0
 0
 0
 0
 0
 0
 0
 0
 0
 0
 0
 0
 0
 0
 8
 1
 252
 252
 255
 250
 255
 5
 0
 2
 2
 1
 0
 0
 0
 0
 0
 0
 0
 0
 1
 0
 0
 0
 253
 249
 255
 248
 251
 243
 3
 0
 0
 0
 0
 0
 0
 0
 0
 0
 0
 0
 0
 4
 0
 0
 255
 253
 251
 255
 253
 255
 0
 0
 1
 3
 0
 0
 0
 0
 0
 0
 0
 0
 0
 0
 4
 0
 3
 250
 253
 251
 252
 247
 0
 3
 0
 1
 0
 0
 0
 0
 0
 0
 0
 0
 0
 0
 2
 0
 0
 255
 245
 255
 249
 252
 0
 2
 0
 3
 0
 0
 0
 0
 0
 0
 0
 0
 4
 0
 3
 2
 2
 0
 255
 248
 253
 5
 0
 1
 0
 4
 0
 0
 0
 0
 0
 0
 0
 0
 0
 8
 0
 0
 0
 7
 1
 0
 0
 1
 0
 2
 0
 4
 0
 0
 0
 0
 0
 0
 0
 0
 1
 1
 0
 1
 0
 0
 0
 3
 0
 1
 0
 2
 9
 0
 0
 0
 0
 0
 0
 0
 0
 0
 0
 3
 1
 0
 2
 0
 2
 0
 0
 3
 0
 1
 0
 0
 0
 0
 0
 0
 0
 0
 0
 0
 5
 0
 5
 1
 3
 0
 2
 0
 0
 0
 2
 0
 5
 3
 0
 0
 0
 0
 0
 0
 0
 0
 0
 0
 1
 0
 4
 0
 7
 0
 1
 1
 0
 4
 0
 0
 0
 0
 0
 0
 0
 0
 0
 0
 0
 4
 0
 0
 1
 2
 0
 0
 0
 0
 0
 0
 1
 3


# name: ans
# type: int16 matrix
# ndims: 2
 22 32
 4
 0
 0
 4
 0
 0
 7
 0
 0
 0
 55
 12
 0
 0
 105
 16
 0
 0
 0
 0
 0
 0
 0
 4
 6
 4
 20
 0
 0
 24
 0
 80
 0
 0
 26
 0
 0
 0
 0
 0
 0
 0
 0
 0
 3
 8
 0
 0
 0
 6
 28
 0
 2295
 2460
 2805
 0
 39
 14
 0
 16
 0
 0
 0
 0
 0
 0
 1
 0
 3
 0
 60
 0
 0
 2016
 2259
 2510
 2728
 3036
 0
 0
 30
 16
 0
 0
 0
 0
 0
 0
 2
 0
 15
 0
 0
 6
 0
 2040
 2295
 2500
 2805
 3024
 0
 14
 15
 0
 0
 0
 0
 0
 0
 0
 0
 8
 0
 0
 10
 36
 0
 2016
 2268
 2500
 2739
 3024
 3263
 42
 0
 0
 0
 0
 0
 0
 0
 0
 7
 0
 18
 0
 5
 0
 0
 2016
 2277
 2510
 2805
 2988
 3289
 0
 90
 64
 0
 0
 0
 0
 0
 0
 0
 14
 0
 0
 5
 12
 14
 0
 2286
 2480
 2761
 3024
 3289
 56
 0
 0
 0
 0
 0
 0
 0
 0
 0
 0
 0
 0
 0
 0
 0
 0
 2277
 2510
 2805
 2988
 3289
 3570
 0
 32
 0
 0
 0
 0
 0
 0
 0
 0
 0
 0
 0
 0
 0
 0
 2259
 2500
 2772
 2976
 3315
 3486
 0
 48
 0
 0
 0
 0
 0
 0
 0
 0
 0
 0
 0
 0
 0
 0
 9
 2520
 2794
 3048
 3185
 3570
 60
 0
 0
 0
 0
 0
 0
 0
 0
 0
 0
 0
 0
 0
 0
 0
 63
 2420
 2805
 2976
 3315
 3458
 3825
 0
 0
 0
 0
 0
 0
 0
 0
 0
 0
 0
 0
 0
 0
 0
 0
 2550
 2805
 2952
 3315
 3472
 3690
 48
 0
 0
 0
 0
 0
 0
 0
 0
 0
 0
 0
 0
 0
 0
 27
 0
 2783
 3048
 3146
 3570
 3795
 0
 0
 0
 0
 0
 0
 0
 0
 0
 0
 0
 0
 0
 0
 0
 36
 60
 2739
 3036
 3276
 3472
 3810
 0
 0
 0
 0
 0
 0
 0
 0
 0
 0
 0
 0
 0
 0
 0
 0
 0
 2750
 3048
 3302
 3528
 3765
 4064
 0
 0
 0
 0
 0
 0
 0
 0
 0
 0
 0
 0
 0
 0
 18
 30
 2805
 2940
 3289
 3556
 3810
 3984
 0
 0
 38
 100
 0
 154
 0
 0
 0
 0
 0
 0
 0
 0
 0
 0
 0
 3060
 3250
 3514
 3705
 4080
 34
 18
 0
 180
 42
 0
 0
 0
 0
 0
 0
 0
 0
 0
 0
 80
 0
 3060
 3276
 3556
 3780
 4016
 4199
 18
 114
 0
 0
 22
 0
 0
 0
 0
 0
 0
 0
 0
 0
 30
 0
 3060
 3198
 3556
 3720
 4080
 4284
 18
 0
 0
 0
 0
 0
 0
 0
 0
 0
 0
 0
 0
 0
 0
 88
 12
 3276
 3528
 3825
 4000
 4335
 90
 0
 40
 42
 22
 0
 0
 0
 0
 0
 0
 0
 0
 9
 0
 0
 0
 3289
 3486
 3825
 3968
 4267
 4374
 57
 0
 0
 0
 0
 0
 0
 0
 0
 0
 0
 0
 0
 40
 0
 0
 3315
 3542
 3765
 4080
 4301
 4590
 0
 0
 21
 66
 0
 0
 0
 0
 0
 0
 0
 0
 0
 0
 44
 0
 39
 3500
 3795
 4016
 4284
 4446
 0
 60
 0
 22
 0
 0
 0
 0
 0
 0
 0
 0
 0
 0
 22
 0
 0
 3570
 3675
 4080
 4233
 4536
 0
 40
 0
 66
 0
 0
 0
 0
 0
 0
 0
 0
 36
 0
 33
 24
 26
 0
 3825
 3968
 4301
 90
 0
 20
 0
 88
 0
 0
 0
 0
 0
 0
 0
 0
 0
 80
 0
 0
 0
 98
 15
 0
 0
 18
 0
 40
 0
 88
 0
 0
 0
 0
 0
 0
 0
 0
 9
 10
 0
 12
 0
 0
 0
 48
 0
 18
 0
 40
 189
 0
 0
 0
 0
 0
 0
 0
 0
 0
 0
 30
 11
 0
 26
 0
 30
 0
 0
 54
 0
 20
 0
 0
 0
 0
 0
 0
 0
 0
 0
 0
 45
 0
 55
 12
 39
 0
 30
 0
 0
 0
 38
 0
 105
 66
 0
 0
 0
 0
 0
 0
 0
 0
 0
 0
 11
 0
 52
 0
 105
 0
 17
 18
 0
 80
 0
 0
 0
 0
 0
 0
 0
 0
 0
 0
 0
 40
 0
 0
 13
 28
 0
 0
 0
 0
 0
 0
 21
 66


# name: col
# type: matrix
# rows: 22
# columns: 1
 1
 2
 3
 4
 5
 6
 7
 8
 9
 10
 11
 12
 13
 14
 15
 16
 17
 18
 19
 20
 21
 22


# name: colmat
# type: matrix
# rows: 22
# columns: 32
 1 1 1 1 1 1 1 1 1 1 1 1 1 1 1 1 1 1 1 1 1 1 1 1 1 1 1 1 1 1 1 1
 2 2 2 2 2 2 2 2 2 2 2 2 2 2 2 2 2 2 2 2 2 2 2 2 2 2 2 2 2 2 2 2
 3 3 3 3 3 3 3 3 3 3 3 3 3 3 3 3 3 3 3 3 3 3 3 3 3 3 3 3 3 3 3 3
 4 4 4 4 4 4 4 4 4 4 4 4 4 4 4 4 4 4 4 4 4 4 4 4 4 4 4 4 4 4 4 4
 5 5 5 5 5 5 5 5 5 5 5 5 5 5 5 5 5 5 5 5 5 5 5 5 5 5 5 5 5 5 5 5
 6 6 6 6 6 6 6 6 6 6 6 6 6 6 6 6 6 6 6 6 6 6 6 6 6 6 6 6 6 6 6 6
 7 7 7 7 7 7 7 7 7 7 7 7 7 7 7 7 7 7 7 7 7 7 7 7 7 7 7 7 7 7 7 7
 8 8 8 8 8 8 8 8 8 8 8 8 8 8 8 8 8 8 8 8 8 8 8 8 8 8 8 8 8 8 8 8
 9 9 9 9 9 9 9 9 9 9 9 9 9 9 9 9 9 9 9 9 9 9 9 9 9 9 9 9 9 9 9 9
 10 10 10 10 10 10 10 10 10 10 10 10 10 10 10 10 10 10 10 10 10 10 10 10 10 10 10 10 10 10 10 10
 11 11 11 11 11 11 11 11 11 11 11 11 11 11 11 11 11 11 11 11 11 11 11 11 11 11 11 11 11 11 11 11
 12 12 12 12 12 12 12 12 12 12 12 12 12 12 12 12 12 12 12 12 12 12 12 12 12 12 12 12 12 12 12 12
 13 13 13 13 13 13 13 13 13 13 13 13 13 13 13 13 13 13 13 13 13 13 13 13 13 13 13 13 13 13 13 13
 14 14 14 14 14 14 14 14 14 14 14 14 14 14 14 14 14 14 14 14 14 14 14 14 14 14 14 14 14 14 14 14
 15 15 15 15 15 15 15 15 15 15 15 15 15 15 15 15 15 15 15 15 15 15 15 15 15 15 15 15 15 15 15 15
 16 16 16 16 16 16 16 16 16 16 16 16 16 16 16 16 16 16 16 16 16 16 16 16 16 16 16 16 16 16 16 16
 17 17 17 17 17 17 17 17 17 17 17 17 17 17 17 17 17 17 17 17 17 17 17 17 17 17 17 17 17 17 17 17
 18 18 18 18 18 18 18 18 18 18 18 18 18 18 18 18 18 18 18 18 18 18 18 18 18 18 18 18 18 18 18 18
 19 19 19 19 19 19 19 19 19 19 19 19 19 19 19 19 19 19 19 19 19 19 19 19 19 19 19 19 19 19 19 19
 20 20 20 20 20 20 20 20 20 20 20 20 20 20 20 20 20 20 20 20 20 20 20 20 20 20 20 20 20 20 20 20
 21 21 21 21 21 21 21 21 21 21 21 21 21 21 21 21 21 21 21 21 21 21 21 21 21 21 21 21 21 21 21 21
 22 22 22 22 22 22 22 22 22 22 22 22 22 22 22 22 22 22 22 22 22 22 22 22 22 22 22 22 22 22 22 22


# name: colmax
# type: scalar
32


